线路号: 1115
1203	2347
1248	1960
1208	1162
1231	1358
1229	1716
1245	1382
1200	2355
1219	1924
1202	2349
1247	1268
1214	1170
1210	853
7126	2159
1221	1165
1222	806
1236	877
1234	1951
1226	1823
10064	878
1242	2398
1246	2075
1225	1788
1205	767
1239	1381
1216	1824
1252	1961
1198	1647
7124	2397
1227	2158
1249	361
1241	799
7133	840
1212	1215
1244	1962
1230	1557
1237	1942
7125	884
1206	1267
1218	1952
1251	2188
1223	874
1220	1407
1204	813
1199	818
1207	1665
1228	868
7132	1408
7134	1554
1243	2156
7131	888
7130	1208
1201	2351
1213	885
1209	1185
7128	1963
1238	1193
1233	2078
1217	1205
1224	1822
10063	1173
